1 10
100 200
201 210
900 1000
5 9
10 10
67 67
67 34
20000 70000
9 5
10 10
67 67
67 34
945 231
278 1456
1 2
2 1
230 232
229 230
23 12
600 60
61 16
62 26
63 36
64 46
65 283
93 66
78 76
69 69
534 234
234 233
444 723
9000 23443
32760 32760
16380 16380
32761 32761
148196	283960
76531	62743
43676	163610
229145	248247
121476	44663
234696	298802
189102	295158
272155	77746
190584	63396
109917	215493
114426	262990
145366	159926
90450	130196
154062	5549
22337	227642
228925	52529
181183	72692
212239	77785
112867	258647
92416	206360
275658	260944
192672	45547
205326	286517
257971	6764
91398	259003
203910	51158
243752	54574
38652	179076
236239	71443
127718	234937
133036	33355
89869	236113
38385	250005
51211	68675
262629	6077
41302	180304
137937	55825
32872	57393
286380	175049
116145	5395
141918	275875
290390	44724
120726	240559
42959	204787
131648	39140
206971	179276
28521	14516
257591	295743
274931	79801
54521	53042
617130	548463
157892	74686
235049	63422
373230	637417
412051	357075
540127	439851
486017	187765
491659	692783
578442	23152
3874	38728
290927	271361
20104	167671
242555	282924
84874	119773
10864	47081
108294	152646
211628	246000
